VERTICES 100
14.596683759515557	9.957507945380488
14.444442041391554	18.859855466424932
12.969726596496734	19.88580907061629
16.510803890452898	7.312899749624442
10.385815822829901	16.43244415904355
2.1942549429166505	6.125460105655414
7.3402649743421335	0.7414566026389551
2.964804513806655	3.4537342737939944
17.880964196365355	0.09458643868408956
13.307110086248422	17.18806603464305
13.777517048905182	19.319533328325456
3.6273136348540547	1.564903281349011
7.694044593963628	13.240403224003927
13.870016665965984	11.333312588344207
17.08725388553271	8.430562942186413
18.292723135270073	2.218376707894162
7.1779314508917125	11.240992215197636
16.408536309101315	18.440488730532778
7.63301054039772	2.2959602243329726
6.6410652632472775	15.635963038492555
0.13943657203564896	1.369003111469624
13.833780332692221	14.31254881109723
8.657293748174162	16.685664744498077
10.744139180502952	2.529818666344621
13.908248944319737	19.618495154605505
18.012288272763385	19.49639002558616
7.082373265780014	0.6916318149994716
10.317051907928452	14.6033814878284
6.706100873798633	14.684521479407081
0.6145438189340702	14.87762436031096
12.729223560558637	3.4627534040611643
0.7682774198788813	3.2568082725362224
12.743957621781874	17.688305706034818
3.321126809099635	2.9790646883147573
19.415208771217543	19.49184098111119
2.6197113350044	13.694020011510318
0.5927332540650241	14.289149608663195
16.138937284099384	1.0872945711561286
0.32407636969988474	18.414637619133387
13.259562117453022	4.3381404611316725
19.313172067475804	11.187225373145196
17.664668180117545	6.565303923758652
9.829335083326551	19.725936192332036
6.164598195656531	16.15747848828456
16.82320559504238	9.389754684970292
12.463364728261539	1.9972992244771923
16.369981934779418	3.7649025422928233
13.277125692131627	10.04008895154319
6.67686551634894	0.46340183628644027
13.568719485580843	9.077398646693503
11.994071729089761	7.8546501869765635
15.472703923598147	17.60386979046912
18.60696014747979	8.467447346008758
14.289119843716264	7.798304301919853
14.326873127837537	14.317366547364067
16.277964871481487	7.186492829974398
11.896710631860905	0.030481932591914784
17.288650244028517	11.458867243779597
6.774624055010044	11.236134425294047
3.3814847256186766	14.648995758434168
7.649925512600273	13.496088757116375
15.615335722661023	16.682733103282658
3.4854879169429474	19.84453473447082
3.091842375405971	0.30371253125690245
0.1861140015650129	17.456917144152612
10.786122344079946	9.259208626096452
5.812191034473663	0.11264636497628544
14.341481445300388	13.170786903965293
16.122676037660668	6.142118317321948
14.23064100765859	0.6564918480269597
17.34329469514742	1.2449989367009273
0.9750963070237226	6.031384201802137
16.77684160463363	2.9866809327105734
17.07215310820188	0.16342946667446867
5.831035186439259	7.20747499939495
5.367343787322447	4.612756889151569
10.29575993688232	10.895701312225611
12.204967786224529	0.7114682264219852
3.6723037571574615	5.2700378425837116
3.9013880006687174	16.05520609960181
3.9607204910894467	0.8237843288626969
6.858867312292357	3.059928346847016
6.908517865117176	14.308138191188654
17.91515007858004	17.22383084800657
10.038415600156135	2.021764654249555
8.257017635087589	14.864949165971353
12.42468685689471	7.8361025146862815
4.468915185911257	7.547434795428508
14.820791066523647	9.891917017469297
0.2070671326273974	16.332099378900224
17.165371687642555	11.328778455555259
5.727842668592974	16.371013518569285
12.617950780181374	4.945944523279696
0.37354461065221045	3.2434636784638116
16.91583889528821	1.5376077444960075
13.623685124282957	13.868201429307632
9.587689794892668	16.057765922873187
1.5922089445320324	17.64962682733713
9.299657427503789	7.415022638014403
5.479688144431325	11.908097276200515
TRIANGLES 186
1	14	48
1	48	50
1	50	89
1	14	89
2	11	25
2	11	33
2	10	33
2	10	52
2	18	52
2	18	25
3	43	63
3	33	43
3	11	33
3	11	25
3	25	26
3	26	35
4	56	69
4	42	69
4	15	42
4	15	56
5	23	43
5	23	97
5	28	97
5	22	28
5	10	22
5	10	33
5	33	43
6	32	72
6	8	32
6	8	79
6	79	88
6	36	88
6	36	72
7	19	85
7	19	27
7	27	49
7	49	57
7	57	85
8	32	34
8	34	76
8	76	79
9	16	71
9	71	74
9	57	74
10	22	55
10	55	62
10	52	62
12	32	34
12	21	32
12	21	64
12	64	81
12	81	82
12	34	82
13	83	100
13	59	100
13	17	59
13	17	77
13	28	77
13	28	61
13	61	83
14	77	96
14	48	77
14	89	91
14	68	91
14	68	96
15	45	54
15	54	56
15	42	53
15	45	53
16	41	53
16	42	53
16	42	47
16	47	73
16	73	95
16	71	95
17	59	75
17	75	99
17	77	99
18	52	62
18	62	84
18	26	84
18	25	26
19	27	82
19	24	85
19	24	82
20	29	44
20	29	86
20	23	86
20	23	44
21	32	94
21	90	94
21	65	90
22	28	96
22	55	96
23	44	92
23	86	97
23	43	92
24	82	99
24	78	85
24	46	78
24	31	46
24	31	93
24	93	99
26	35	84
27	49	82
28	86	97
28	61	86
28	77	96
29	44	92
29	80	92
29	60	80
29	60	100
29	83	100
29	83	86
30	37	90
30	36	37
30	36	60
30	60	98
30	90	98
31	46	70
31	47	70
31	40	47
31	40	93
32	72	94
34	76	82
35	41	84
36	37	72
36	88	100
36	60	100
37	90	94
37	72	94
38	70	74
38	71	74
38	71	95
38	73	95
38	47	73
38	47	70
39	65	98
39	63	98
40	47	69
40	54	69
40	54	93
41	58	84
41	58	91
41	45	91
41	45	53
42	47	69
43	63	92
45	54	89
45	89	91
46	70	78
48	66	77
48	51	66
48	50	51
49	67	82
49	57	67
50	51	87
50	54	87
50	54	89
51	66	99
51	93	99
51	87	93
54	87	93
54	56	69
55	68	96
55	58	68
55	58	62
57	70	74
57	70	78
57	78	85
58	68	91
58	62	84
59	88	100
59	75	88
60	80	98
61	83	86
63	80	98
63	80	92
64	67	81
65	90	98
66	77	99
67	81	82
75	79	88
75	76	79
75	76	99
76	82	99